service_id,monday,tuesday,wednesday,thursday,friday,saturday,sunday,start_date,end_date
112,0,0,0,0,1,0,0,20200204,20200807
70,0,0,0,0,1,0,0,20200204,20200806
147,1,0,0,0,0,0,0,20200204,20200807
228,1,1,1,1,1,0,0,20200208,20200807
110,0,0,0,0,0,1,0,20200204,20200807
92,0,0,0,0,0,0,1,20200204,20200807
119,0,0,0,1,0,0,0,20200204,20200807
128,0,1,0,0,0,0,0,20200204,20200807
122,0,0,1,0,0,0,0,20200204,20200807
145,1,0,0,0,0,0,0,20200204,20200807
90,0,0,0,0,0,0,1,20200204,20200807
94,0,0,0,0,0,1,0,20200204,20200807
109,0,0,0,0,0,1,0,20200204,20200807
187,0,1,0,0,0,0,0,20200205,20200807
237,0,1,1,1,1,1,0,20200209,20200807
115,0,0,0,0,1,0,0,20200204,20200807
98,0,0,0,0,0,1,0,20200204,20200807
83,0,0,0,0,0,0,1,20200204,20200807
159,1,1,1,1,0,0,0,20200204,20200807
106,0,0,0,0,0,1,0,20200204,20200807
85,0,0,0,0,0,0,1,20200204,20200807
144,1,0,0,0,0,0,0,20200204,20200807
196,0,1,1,1,1,0,0,20200205,20200807
194,0,1,1,1,1,0,0,20200205,20200807
113,0,0,0,0,1,0,0,20200204,20200807
156,1,1,1,1,0,0,0,20200204,20200807
95,0,0,0,0,0,1,0,20200204,20200807
77,0,0,0,0,0,0,1,20200204,20200807
104,0,0,0,0,0,1,0,20200204,20200807
80,0,0,0,0,0,0,1,20200204,20200807
141,1,0,0,0,0,0,0,20200204,20200807
161,1,1,1,1,0,0,0,20200204,20200807
117,0,0,0,0,1,0,0,20200204,20200807
108,0,0,0,0,0,1,0,20200204,20200807
197,0,1,1,1,1,0,0,20200205,20200807
148,1,0,0,0,0,0,0,20200204,20200807
291,0,0,0,0,0,1,0,20200221,20200224
290,0,0,0,0,0,0,1,20200221,20200224
294,1,0,0,0,0,0,0,20200221,20200224
292,0,0,0,0,1,0,0,20200221,20200224
293,0,0,0,0,1,1,0,20200221,20200224
160,1,1,1,1,0,0,0,20200204,20200807
183,0,1,1,1,1,0,0,20200205,20200803
7,0,0,0,0,1,0,0,20171230,20200807
163,1,1,1,1,1,0,0,20200204,20200807
99,0,0,0,0,0,1,0,20200204,20200807
199,0,1,1,1,1,1,0,20200205,20200807
75,0,0,0,0,0,0,1,20200204,20200807
137,1,0,0,0,0,0,0,20200204,20200807
139,1,0,0,0,0,0,0,20200204,20200807
223,0,1,1,1,1,0,0,20200208,20200807
133,0,1,1,1,0,0,0,20200204,20200807
67,1,1,1,1,1,0,0,20200204,20200802
184,0,1,1,1,1,1,0,20200205,20200803
250,0,0,0,0,0,1,0,20200214,20200216
249,0,0,0,0,0,0,1,20200214,20200216
251,0,0,0,0,1,0,0,20200214,20200216
252,0,0,0,0,1,1,0,20200214,20200216
257,1,0,0,0,0,0,0,20200214,20200217
253,0,0,0,0,0,0,1,20200214,20200217
254,0,0,0,0,0,1,0,20200214,20200217
255,0,0,0,0,1,0,0,20200214,20200217
256,0,0,0,0,1,1,0,20200214,20200217
76,0,0,0,0,0,0,1,20200204,20200807
101,0,0,0,0,0,1,0,20200204,20200807
200,0,1,1,1,1,1,0,20200205,20200807
138,1,0,0,0,0,0,0,20200204,20200807
357,0,0,0,0,1,1,0,20200320,20200322
356,0,0,0,0,1,0,0,20200320,20200322
354,0,0,0,0,0,0,1,20200320,20200322
355,0,0,0,0,0,1,0,20200320,20200322
20,1,1,1,1,1,0,0,20190101,20200807
134,0,1,1,1,0,0,0,20200204,20200807
5,0,0,0,0,1,0,0,20171230,20200522
65,1,1,1,1,0,0,0,20200204,20200522
63,0,0,0,0,0,1,0,20200204,20200522
61,0,0,0,0,0,0,1,20200204,20200522
64,1,0,0,0,0,0,0,20200204,20200522
60,0,0,0,0,0,0,1,20200204,20200522
62,0,0,0,0,0,1,0,20200204,20200522
182,0,1,1,1,1,0,0,20200205,20200522
381,1,1,1,1,0,0,0,20200523,20200807
378,0,0,0,0,0,1,0,20200523,20200807
377,0,0,0,0,0,0,1,20200523,20200807
380,1,0,0,0,0,0,0,20200523,20200807
382,0,0,0,0,0,1,0,20200524,20200807
379,0,1,1,1,1,0,0,20200523,20200807
204,0,1,1,1,1,1,0,20200205,20200807
247,1,1,1,1,0,0,0,20200211,20200807
243,0,0,0,0,0,0,1,20200211,20200807
245,0,0,0,0,0,1,0,20200211,20200807
246,1,0,0,0,0,0,0,20200211,20200807
244,0,0,0,0,0,1,0,20200211,20200807
248,0,1,1,1,1,0,0,20200212,20200807
242,0,0,0,0,0,0,1,20200211,20200807
1,0,0,0,0,1,0,0,20171230,20200210
29,1,1,1,1,0,0,0,20200204,20200210
26,0,0,0,0,0,0,1,20200204,20200210
27,0,0,0,0,0,1,0,20200204,20200210
28,1,0,0,0,0,0,0,20200204,20200210
171,0,1,1,1,1,0,0,20200205,20200210
4,0,0,0,0,1,0,0,20171230,20200228
56,1,1,1,1,0,0,0,20200204,20200228
52,0,0,0,0,0,1,0,20200204,20200228
50,0,0,0,0,0,0,1,20200204,20200228
206,1,1,1,1,0,0,0,20200207,20200807
132,0,1,1,1,0,0,0,20200204,20200807
125,0,0,1,1,1,0,0,20200204,20200807
323,0,0,0,0,1,0,0,20200229,20200807
318,0,0,0,0,1,0,0,20200229,20200806
331,1,1,1,1,1,0,0,20200229,20200807
329,1,1,1,1,0,0,0,20200229,20200807
322,0,0,0,0,0,1,0,20200229,20200807
321,0,0,0,0,0,0,1,20200229,20200807
327,1,0,0,0,0,0,0,20200229,20200807
320,0,0,0,0,0,0,1,20200229,20200807
333,0,0,0,0,0,1,0,20200301,20200807
337,0,1,1,1,1,1,0,20200301,20200807
336,0,0,0,0,0,1,0,20200301,20200807
317,0,1,1,1,1,0,0,20200229,20200803
39,0,0,0,0,1,0,0,20200204,20200217
41,1,1,1,1,0,0,0,20200204,20200217
38,0,0,0,0,0,1,0,20200204,20200217
37,0,0,0,0,0,0,1,20200204,20200217
40,1,0,0,0,0,0,0,20200204,20200217
174,0,1,1,1,1,0,0,20200205,20200217
55,1,0,0,0,0,0,0,20200204,20200228
179,0,1,1,1,1,0,0,20200205,20200228
186,0,1,0,0,0,0,0,20200205,20200807
126,0,0,1,1,1,0,0,20200204,20200807
281,0,0,0,0,1,0,0,20200218,20200807
274,0,0,0,0,1,0,0,20200218,20200806
306,1,1,1,1,1,0,0,20200222,20200807
284,1,1,1,1,0,0,0,20200218,20200807
280,0,0,0,0,0,1,0,20200218,20200807
276,0,0,0,0,0,0,1,20200218,20200807
282,1,0,0,0,0,0,0,20200218,20200807
275,0,0,0,0,0,0,1,20200218,20200807
277,0,0,0,0,0,1,0,20200218,20200807
279,0,0,0,0,0,1,0,20200218,20200807
308,0,1,1,1,1,1,0,20200223,20200807
287,0,1,1,1,1,0,0,20200219,20200803
214,1,1,1,1,1,0,0,20200208,20200802
221,0,0,0,0,0,1,0,20200208,20200807
220,0,0,0,0,0,0,1,20200208,20200807
225,1,0,0,0,0,0,0,20200208,20200807
219,0,0,0,0,0,0,1,20200208,20200807
218,0,0,0,0,0,0,1,20200208,20200807
233,0,1,1,1,1,1,0,20200209,20200803
330,1,1,1,1,0,0,0,20200229,20200807
155,1,1,1,1,0,0,0,20200204,20200807
114,0,0,0,0,1,0,0,20200204,20200807
89,0,0,0,0,0,0,1,20200204,20200807
74,0,0,0,0,0,0,1,20200204,20200807
193,0,1,1,1,1,0,0,20200205,20200807
107,0,0,0,0,0,1,0,20200204,20200807
136,1,0,0,0,0,0,0,20200204,20200807
222,0,0,0,0,1,0,0,20200208,20200807
216,0,0,0,0,1,0,0,20200208,20200806
227,1,1,1,1,0,0,0,20200208,20200807
234,0,0,0,0,0,1,0,20200209,20200807
236,0,0,0,0,0,1,0,20200209,20200807
215,0,1,1,1,1,0,0,20200208,20200803
305,1,1,1,1,0,0,0,20200222,20200807
302,0,0,0,0,0,1,0,20200222,20200807
301,0,0,0,0,0,0,1,20200222,20200807
304,1,0,0,0,0,0,0,20200222,20200807
300,0,0,0,0,0,0,1,20200222,20200807
307,0,0,0,0,0,1,0,20200223,20200807
303,0,1,1,1,1,0,0,20200222,20200807
335,0,0,0,0,0,1,0,20200301,20200807
326,0,1,1,1,1,0,0,20200229,20200807
3,0,0,0,0,1,0,0,20171230,20200221
45,1,1,1,1,0,0,0,20200204,20200221
43,0,0,0,0,0,1,0,20200204,20200221
42,0,0,0,0,0,0,1,20200204,20200221
44,1,0,0,0,0,0,0,20200204,20200221
175,0,1,1,1,1,0,0,20200205,20200221
2,0,0,0,0,1,0,0,20171230,20200217
68,0,1,1,1,1,0,0,20200204,20200803
151,1,1,0,1,0,0,0,20200204,20200807
123,0,0,1,0,0,0,0,20200204,20200807
153,1,1,1,0,0,0,0,20200204,20200807
120,0,0,0,1,0,0,0,20200204,20200807
191,0,1,1,1,0,0,0,20200205,20200807
189,0,1,0,1,0,0,0,20200205,20200807
124,0,0,1,0,1,0,0,20200204,20200807
15,1,1,1,1,1,0,0,20190101,20200228
180,0,1,1,1,1,1,0,20200205,20200228
238,0,1,1,1,1,1,0,20200209,20200807
170,0,0,1,0,0,0,0,20200205,20200205
286,0,0,1,0,0,0,0,20200219,20200219
343,0,0,0,0,0,1,0,20200307,20200807
342,0,0,0,0,0,0,1,20200307,20200807
344,1,0,0,0,0,0,0,20200307,20200807
341,0,0,0,0,0,0,1,20200307,20200807
346,0,1,1,1,1,1,0,20200308,20200807
16,1,1,1,1,1,0,0,20190101,20200306
58,0,0,0,0,0,1,0,20200204,20200306
57,0,0,0,0,0,0,1,20200204,20200306
59,1,0,0,0,0,0,0,20200204,20200306
181,0,1,1,1,1,1,0,20200205,20200306
212,0,0,0,0,0,1,0,20200208,20200306
211,0,0,0,0,0,0,1,20200208,20200306
213,1,0,0,0,0,0,0,20200208,20200306
231,0,1,1,1,1,1,0,20200209,20200306
129,0,1,0,0,0,0,0,20200204,20200807
241,1,1,1,1,1,1,1,20200210,20200213
240,0,1,1,1,1,0,0,20200210,20200213
338,0,1,1,1,1,1,0,20200301,20200807
166,1,1,1,1,1,0,0,20200204,20200807
100,0,0,0,0,0,1,0,20200204,20200807
88,0,0,0,0,0,0,1,20200204,20200807
203,0,1,1,1,1,1,0,20200205,20200807
87,0,0,0,0,0,0,1,20200204,20200807
285,1,1,1,1,0,0,0,20200218,20200807
278,0,0,0,0,0,1,0,20200218,20200807
288,0,1,1,1,1,0,0,20200219,20200807
229,0,0,0,0,0,0,1,20200209,20200209
13,1,1,1,1,1,0,0,20190101,20200221
176,0,1,1,1,1,1,0,20200205,20200221
6,0,0,0,0,1,0,0,20171230,20200807
157,1,1,1,1,0,0,0,20200204,20200807
96,0,0,0,0,0,1,0,20200204,20200807
79,0,0,0,0,0,0,1,20200204,20200807
142,1,0,0,0,0,0,0,20200204,20200807
82,0,0,0,0,0,0,1,20200204,20200807
105,0,0,0,0,0,1,0,20200204,20200807
195,0,1,1,1,1,0,0,20200205,20200807
164,1,1,1,1,1,0,0,20200204,20200807
84,0,0,0,0,0,0,1,20200204,20200807
97,0,0,0,0,0,1,0,20200204,20200807
86,0,0,0,0,0,0,1,20200204,20200807
158,1,1,1,1,0,0,0,20200204,20200807
116,0,0,0,0,1,0,0,20200204,20200807
202,0,1,1,1,1,1,0,20200205,20200807
154,1,1,1,0,1,0,0,20200204,20200807
118,0,0,0,1,0,0,0,20200204,20200807
127,0,0,1,1,1,1,0,20200204,20200807
185,0,1,0,0,0,0,0,20200205,20200807
149,1,0,1,0,1,0,0,20200204,20200807
130,0,1,0,1,0,0,0,20200204,20200807
152,1,1,0,1,1,0,0,20200204,20200807
121,0,0,1,0,0,0,0,20200204,20200807
143,1,0,0,0,0,0,0,20200204,20200807
309,0,1,1,1,1,1,0,20200223,20200807
18,1,1,1,1,1,0,0,20190101,20200807
93,0,0,0,0,0,1,0,20200204,20200807
72,0,0,0,0,0,0,1,20200204,20200807
135,1,0,0,0,0,0,0,20200204,20200807
73,0,0,0,0,0,0,1,20200204,20200807
198,0,1,1,1,1,1,0,20200205,20200807
207,0,0,0,0,0,1,0,20200208,20200208
265,1,1,1,1,1,0,0,20200217,20200802
271,0,0,0,0,0,1,0,20200217,20200807
269,0,0,0,0,0,0,1,20200217,20200807
268,0,0,0,0,0,0,1,20200217,20200807
273,0,1,1,1,1,1,0,20200217,20200807
266,0,1,1,1,1,1,0,20200217,20200803
295,0,0,0,0,0,1,0,20200222,20200222
12,1,1,1,1,1,0,0,20190101,20200219
8,1,1,1,1,1,0,0,20190101,20200205
310,0,1,0,0,0,0,0,20200225,20200225
264,1,0,0,0,0,0,0,20200217,20200217
78,0,0,0,0,0,0,1,20200204,20200807
165,1,1,1,1,1,0,0,20200204,20200807
102,0,0,0,0,0,1,0,20200204,20200807
81,0,0,0,0,0,0,1,20200204,20200807
201,0,1,1,1,1,1,0,20200205,20200807
53,0,0,0,0,1,0,0,20200204,20200228
372,0,0,0,0,0,0,1,20200425,20200426
373,0,0,0,0,0,1,0,20200425,20200426
374,0,0,0,0,0,1,1,20200425,20200426
103,0,0,0,0,0,1,0,20200204,20200807
192,0,1,1,1,1,0,0,20200205,20200807
71,0,0,0,0,0,0,1,20200204,20200807
146,1,0,0,0,0,0,0,20200204,20200807
314,0,0,0,0,0,1,0,20200229,20200229
17,1,1,1,1,1,0,0,20190101,20200807
208,0,0,0,0,0,0,1,20200208,20200209
209,0,0,0,0,0,1,0,20200208,20200209
210,0,0,0,0,0,1,1,20200208,20200209
297,0,0,0,0,0,1,0,20200222,20200223
296,0,0,0,0,0,0,1,20200222,20200223
298,0,0,0,0,0,1,1,20200222,20200223
11,1,1,1,1,1,0,0,20190101,20200217
14,1,1,1,1,1,0,0,20190101,20200225
324,0,0,0,0,1,0,0,20200229,20200807
25,0,1,1,1,1,0,0,20200204,20200207
23,0,0,1,1,1,1,0,20200204,20200207
9,1,1,1,1,1,0,0,20190101,20200207
259,0,0,0,0,0,0,1,20200215,20200216
260,0,0,0,0,0,1,0,20200215,20200216
261,0,0,0,0,0,1,1,20200215,20200216
51,0,0,0,0,0,1,0,20200204,20200228
178,0,1,1,1,1,0,0,20200205,20200228
49,0,0,0,0,0,0,1,20200204,20200228
54,1,0,0,0,0,0,0,20200204,20200228
24,0,1,1,1,0,0,0,20200204,20200207
22,0,0,1,1,1,0,0,20200204,20200207
21,0,0,0,0,1,0,0,20200204,20200207
351,0,0,0,0,0,0,1,20200314,20200315
352,0,0,0,0,0,1,0,20200314,20200315
359,0,0,0,0,0,1,0,20200321,20200322
358,0,0,0,0,0,0,1,20200321,20200322
334,0,0,0,0,0,1,0,20200301,20200807
325,0,1,1,1,1,0,0,20200229,20200807
319,0,0,0,0,0,0,1,20200229,20200807
328,1,0,0,0,0,0,0,20200229,20200807
36,1,1,1,1,1,0,0,20200204,20200216
33,0,0,0,0,0,1,0,20200204,20200216
31,0,0,0,0,0,0,1,20200204,20200216
173,0,1,1,1,1,1,0,20200205,20200216
35,1,0,0,0,0,0,0,20200204,20200216
69,0,0,1,1,1,1,0,20200204,20200804
299,0,0,0,0,0,0,1,20200222,20200807
258,0,0,0,0,0,1,0,20200215,20200215
32,0,0,0,0,0,1,0,20200204,20200216
172,0,1,1,1,1,0,0,20200205,20200216
30,0,0,0,0,0,0,1,20200204,20200216
34,1,0,0,0,0,0,0,20200204,20200216
360,0,0,0,0,0,1,1,20200321,20200322
270,0,0,0,0,0,1,0,20200217,20200807
272,0,1,1,1,1,0,0,20200217,20200807
267,0,0,0,0,0,0,1,20200217,20200807
283,1,0,0,0,0,0,0,20200218,20200807
140,1,0,0,0,0,0,0,20200204,20200807
332,1,1,1,1,1,1,1,20200301,20200301
47,0,0,0,0,0,1,0,20200204,20200227
177,0,1,1,1,1,0,0,20200205,20200227
46,0,0,0,0,0,0,1,20200204,20200227
48,1,0,0,0,0,0,0,20200204,20200227
167,1,1,1,1,1,0,0,20200204,20200807
91,0,0,0,0,0,0,1,20200204,20200807
150,1,0,1,0,1,0,0,20200204,20200807
131,0,1,0,1,0,0,0,20200204,20200807
190,0,1,0,1,0,1,0,20200205,20200807
188,0,1,0,0,0,1,0,20200205,20200807
312,0,0,0,0,0,1,0,20200228,20200807
311,0,0,0,0,0,0,1,20200228,20200807
313,1,0,0,0,0,0,0,20200228,20200807
19,1,1,1,1,1,0,0,20190101,20200807
316,0,0,0,0,0,1,0,20200229,20200301
315,0,0,0,0,0,0,1,20200229,20200301
339,0,0,0,0,0,0,1,20200307,20200308
340,0,0,0,0,0,1,0,20200307,20200308
364,0,0,0,0,0,0,1,20200328,20200329
365,0,0,0,0,0,1,0,20200328,20200329
370,0,0,0,0,0,0,1,20200418,20200419
371,0,0,0,0,0,1,0,20200418,20200419
205,1,1,1,1,1,0,0,20200205,20200807
162,1,1,1,1,0,0,1,20200204,20200807
263,1,1,1,1,1,1,1,20200216,20200216
235,0,0,0,0,0,1,0,20200209,20200807
224,0,1,1,1,1,0,0,20200208,20200807
217,0,0,0,0,0,0,1,20200208,20200807
226,1,0,0,0,0,0,0,20200208,20200807
66,1,1,1,1,1,1,1,20200204,20200724
168,1,1,1,1,1,1,1,20200204,20200807
350,0,0,0,0,0,1,0,20200314,20200314
369,1,1,1,1,1,1,1,20200409,20200409
239,1,1,1,1,1,1,1,20200210,20200211
262,1,1,1,1,1,1,1,20200215,20200216
289,1,1,1,1,1,1,1,20200220,20200221
349,1,1,1,1,1,1,1,20200310,20200312
363,1,1,1,1,1,1,1,20200327,20200327
368,1,1,1,1,1,1,1,20200406,20200408
375,1,1,1,1,1,1,1,20200513,20200514
376,1,1,1,1,1,1,1,20200522,20200522
366,1,1,1,1,1,1,1,20200330,20200403
169,1,1,1,1,1,1,1,20200204,20200807
345,1,1,1,1,1,1,1,20200308,20200308
353,1,1,1,1,1,1,1,20200315,20200315
367,1,1,1,1,1,1,1,20200404,20200802
230,1,1,1,1,1,1,1,20200209,20200209
362,1,1,1,1,1,1,1,20200323,20200326
361,0,1,1,1,1,0,0,20200323,20200326
348,1,1,1,1,1,1,1,20200309,20200312
347,0,1,1,1,1,0,0,20200309,20200312
10,1,1,1,1,1,0,0,20190101,20200213
111,0,0,0,0,0,1,1,20200204,20200807
232,1,1,1,1,1,1,1,20200209,20200802
